660
875,954,321,242,833,721,642,424,401,282
435,243,79,161,295,197,804,400,779,740
851,720,452,220,360,530,749,684,543,712
853,500,676,398,607,773,182,639,160,206
46,798,108,257,774,915,59,361,765,351
474,633,638,130,782,245,216,995,998,174
533,2,475,771,63,366,225,136,703,891
287,559,377,441,961,362,205,892,392,104
332,582,595,943,688,850,264,652,480,512
930,701,209,578,309,536,165,476,416,87
918,484,734,906,618,515,837,643,752,432
960,635,835,195,604,91,620,927,831,913
526,924,467,847,508,571,280,761,535,447
679,135,152,442,852,221,90,899,112,232
80,616,655,977,78,697,95,776,399,396
336,622,347,596,397,801,968,164,277,673
665,863,455,214,570,109,391,894,723,707
939,754,192,702,815,39,746,772,628,23
422,517,349,425,96,60,857,354,117,689
732,45,841,102,134,434,727,99,675,171
728,315,147,664,671,621,24,580,258,860
408,53,478,265,563,204,542,796,832,524
94,575,922,522,320,830,128,854,284,731
270,300,65,236,738,431,884,644,824,589
553,806,693,975,172,690,8,83,986,755
346,981,992,658,736,203,741,323,250,319
493,537,757,122,145,956,27,299,593,13
751,973,953,991,61,132,668,234,885,356
345,155,667,562,866,123,471,865,739,191
547,383,898,129,488,465,692,935,3,940
10,564,528,735,343,430,520,492,585,490
516,428,993,261,840,337,797,588,820,883
404,978,302,436,594,636,859,76,925,328
222,614,957,43,786,318,50,33,41,335
538,672,249,569,17,933,211,525,724,463
246,230,878,460,14,333,144,810,107,662
809,176,583,979,181,491,597,817,686,469
387,297,519,413,251,294,513,338,142,417
388,760,376,365,534,706,6,111,267,941
510,196,26,769,139,146,948,62,985,758
964,263,253,483,292,120,170,936,115,186
753,30,448,625,661,572,344,379,385,327
969,312,187,36,531,278,314,567,539,316
549,666,722,271,450,71,822,838,744,154
4,180,317,348,654,887,290,446,805,552
283,923,457,238,944,47,711,201,415,88
291,691,298,73,781,996,190,34,926,212
600,698,641,98,81,473,893,946,167,556
558,456,285,617,393,420,812,355,369,983
729,226,311,358,819,305,495,988,879,792
869,481,179,503,674,208,444,118,412,168
237,591,999,624,823,470,409,410,18,324
609,876,605,293,359,28,640,331,29,279
159,573,12,200,670,947,737,511,929,58
989,133,330,48,499,756,951,872,532,105
275,244,9,21,663,163,648,353,719,1
405,429,890,610,207,630,881,551,202,368
162,730,544,521,477,561,16,802,406,308
868,685,873,256,821,77,84,987,31,449
937,888,310,550,438,306,584,695,726,855
560,574,904,777,848,814,509,326,183,901
931,153,68,20,606,807,89,69,166,599
984,35,577,454,842,687,411,965,0,266
22,602,715,274,612,371,375,856,286,57
699,903,529,445,44,504,750,795,716,836
619,100,587,482,86,38,828,767,357,632
402,914,427,169,523,466,501,514,260,119
273,518,313,659,462,717,725,307,994,49
472,121,974,32,650,224,576,394,255,127
140,378,970,213,325,502,487,845,215,382
367,629,75,917,780,241,790,651,56,683
677,696,231,710,603,862,768,631,613,453
85,897,912,541,389,546,143,426,818,647
713,370,11,281,350,788,608,952,15,748
276,598,372,184,458,157,25,339,507,976
188,592,289,352,124,880,178,565,296,363
634,421,966,414,759,498,433,955,138,982
19,934,800,210,407,843,228,794,248,871
189,785,194,870,745,813,126,905,459,844
783,623,37,967,223,486,418,938,762,93
568,419,403,451,150,342,705,959,240,380
877,921,148,505,386,601,889,485,909,657
742,125,103,834,581,545,555,733,395,962
239,198,304,364,764,218,669,440,1000,156
423,950,646,980,708,114,566,858,106,615
384,554,341,718,51,7,775,990,301,709
340,381,54,864,229,867,193,219,149,303
461,846,185,527,177,66,611,787,874,151
74,489,916,82,586,540,656,743,322,70
963,113,895,557,919,40,141,479,173,997
390,217,681,55,896,329,649,262,791,945
900,849,971,252,839,680,268,932,439,496
334,910,158,704,259,272,101,627,233,829
827,811,72,766,437,373,861,747,464,928
131,5,579,235,902,816,972,949,92,645
590,714,288,886,64,374,784,199,468,826
137,778,269,770,763,175,789,443,808,911
678,907,97,626,825,116,506,227,958,700
793,653,799,942,67,254,548,42,497,494
803,882,247,52,908,110,920,694,637
