7276
726,2033,9299,3673,1625,2841,5191,5909,7143,1720
2132,2086,7334,9187,6596,8951,3187,5187,5419,1905
1833,648,9273,7614,1373,4317,2874,9721,4593,5753
4211,8932,4580,7429,3343,6828,7020,3619,5091,7787
9371,9517,443,1215,2681,9736,421,6197,525,1227
6850,8972,4263,4678,5461,1798,6131,662,8837,6978
3554,6244,8809,757,6638,1490,9686,1382,1607,9608
9004,9256,2890,2256,685,6615,3368,1310,5616,4071
4749,1946,2724,3478,136,8556,5829,5964,4101,9009
6776,8650,9444,9896,7677,2743,1155,9965,6657,6397
9312,8019,562,9749,9257,9548,2277,8579,9405,3059
6291,5404,8437,9457,7874,7226,7691,3870,6382,4002
6403,5663,230,9996,5071,7452,7530,7034,7733,9997
9957,4966,5861,5276,1533,6418,8063,7613,7149,3684
1158,6337,2777,5535,4498,630,1428,3490,916,8152
1368,6334,4791,5661,5014,1295,3351,434,3555,546
8668,5578,1386,4874,2714,7094,6651,7239,1345,9868
5428,1277,403,528,1955,7456,8645,4535,1895,5235
5776,3352,2514,9726,7404,4747,3440,4183,8337,3424
5850,277,9248,8845,7957,8751,1392,5697,301,3714
3623,9036,9531,8566,1985,6343,6992,5117,1483,774
3131,9139,9293,4133,8732,3859,5769,5767,1047,315
9268,8077,5848,7091,3463,9018,3058,6077,4182,2571
2152,8184,7983,1737,8471,4971,9068,3651,5456,3296
8699,7047,8794,2364,9858,5494,1868,7800,8710,7169
4986,1184,9595,918,8965,1465,4581,6136,4438,8446
1461,2106,373,9198,6937,5994,261,4358,1559,4202
1848,6203,6642,6539,8072,6598,2675,6592,5854,5169
9918,905,6729,1655,5970,986,7360,9633,2171,735
2183,9762,5894,1020,939,8423,1832,8448,2958,1902
4634,1664,6640,2235,1418,8549,3592,8338,3984,4664
574,1436,7355,9529,3426,8325,5395,5810,6430,5921
6832,8099,3448,8872,1011,1086,1321,5440,6249,2213
2019,9859,5756,5060,7658,1077,3614,3900,3278,5034
8294,3893,4405,9797,8050,1996,7480,8933,2233,1582
431,9785,4362,5937,2337,1915,7649,4504,9787,7661
3889,8850,6300,9181,6551,417,9959,7378,1420,1181
8706,6806,2693,3193,3722,1894,4657,568,7512,5647
1069,2350,2935,8775,7571,9261,5334,7953,8836,2327
9688,539,9920,7323,9409,5475,1293,727,7013,7933
93,6884,448,5476,1327,9119,4137,4931,4511,4292
613,3987,6906,8419,6881,1691,8808,6777,5040,4755
2305,3284,1002,8917,3560,3360,3151,5466,1383,9844
6508,3304,541,8403,9676,976,6237,4015,6621,6433
9324,9442,7584,9898,8797,4991,209,4118,5915,8271
4863,8886,6656,2438,9033,4707,1074,3174,2939,9070
3993,7235,1252,2516,6800,5069,3776,7572,4845,1882
1907,6495,3118,5054,5438,5895,6734,549,1800,1395
2964,1711,4046,9778,2631,6915,4447,4316,4706,6789
6414,7825,6785,5490,3159,6932,7197,9433,8321,1375
2474,5196,1363,2007,2774,1440,2975,4334,9567,7229
6187,1980,982,8974,5976,9332,5271,3891,4786,1855
6996,6576,4965,4924,696,8458,7074,7659,2051,4207
491,1836,7422,4300,5192,7159,6127,8786,4431,6868
1970,7568,708,8648,9032,3520,3157,3451,5033,9950
1348,4384,1391,1394,5675,5045,9275,709,4675,4412
682,6520,7885,1351,9880,6600,587,380,6728,1214
9219,7639,6346,8298,1257,8945,428,9383,5269,7410
3381,9508,7923,8788,9041,8585,5454,1157,3479,9699
3540,2487,5635,3182,3102,2301,2483,3686,3240,5820
2940,8630,9908,9716,298,2852,7581,3605,7921,7790
1458,9441,1678,987,3577,318,3868,750,5996,3053
6257,7856,8027,542,5227,3799,2221,7270,71,3044
368,5701,2755,5857,5038,9113,159,524,3037,1861
2177,1193,8521,7542,9169,6989,8171,2598,8708,7027
7611,1935,8600,3261,7550,6902,5003,1405,5233,2136
5394,4787,6112,8149,242,5754,7085,2558,4339,535
3444,4992,3365,4072,5860,5108,4320,8110,6394,942
2827,1123,1864,3434,2784,3620,3503,1061,10000,8301
9062,9933,2634,6180,9412,3090,7407,469,3746,2223
4329,6003,2835,6649,9056,5823,8023,7762,9995,2565
6268,2823,3861,5081,5124,1602,6048,2014,8921,7881
9730,8666,5061,8838,5910,9934,4512,2921,1480,7913
6711,8657,1988,4247,2407,9138,836,7267,7969,7755
4636,9735,4552,1276,4356,9089,263,2886,7764,8870
7089,7620,2898,4388,2968,4061,9524,7125,8823,6770
7133,1635,6109,1271,2902,1746,4111,8569,9791,2146
3677,7915,625,7352,6284,2385,218,8734,9065,145
5785,6990,936,614,3262,5115,5991,5615,2063,6779
2709,8854,9443,5410,8483,1116,5230,4313,8445,1756
48,8141,7793,915,8117,5691,756,5409,3584,7222
4457,3355,5987,3141,2231,1565,4532,8204,2329,1377
5329,6977,3771,6265,2954,4812,5836,2789,9144,6212
6245,6687,2175,7586,6672,822,1297,7898,6752,7468
9458,9494,208,5844,6829,7968,3162,6423,7105,2363
9022,6402,646,5624,9424,1769,7578,2371,1114,7928
8506,7559,235,2945,7207,3303,2579,4788,5644,8147
2362,7478,5805,6454,7265,4600,8827,4322,451,4544
1647,2522,215,4310,8740,8612,3888,9720,3385,9674
390,9124,6471,8647,698,2245,2677,4213,3598,1433
2519,1943,6563,6269,9773,9664,7189,5570,9280,6945
6843,9972,645,5037,9873,3537,6342,3544,6321,7067
9403,1247,5897,9837,9615,9193,314,6457,1569,8718
9701,6766,49,6238,7233,5241,5221,5351,9380,6980
2266,8955,1900,7007,3344,8554,6607,5646,4818,5567
1220,6854,3764,2134,9270,9869,792,5728,8407,1403
8897,4008,4249,8767,6286,6757,7723,7624,9538,2313
1298,2857,6444,855,7421,5841,789,6091,1880,3009
5605,3607,6697,2384,2948,7188,4473,2660,9747,6867
1474,8119,9421,5138,4184,210,4750,1626,3155,747
4276,4181,123,2169,4456,1667,8940,169,1719,3119
7470,8159,7698,420,7059,4881,6957,1360,8499,506
8367,1862,9845,8289,9836,6115,3288,1291,5751,4460
6472,50,6605,7632,4944,9027,8762,6530,7115,5508
7725,5628,3779,1049,9368,8359,3292,8273,3768,3547
4296,6086,1801,7509,2562,6976,3376,6573,710,5309
3245,9100,8649,6034,6910,4559,6693,763,1472,6422
5175,3530,7511,8346,5706,2471,6946,4289,7987,466
8909,9678,7577,1910,7259,1072,5178,410,8528,7077
2109,9339,1347,1187,7616,9260,2046,6786,5943,4938
1586,6610,5946,2449,9020,6558,7647,7646,6959,7945
5204,4882,688,5940,2680,7141,426,1455,8582,2826
3281,8070,5716,6307,6379,5907,8900,4842,7901,4666
8844,9184,6764,284,2336,7681,4645,494,2324,3338
9891,2810,1149,6927,7995,9565,1178,1317,6107,9937
1127,9331,9108,6590,115,9267,552,126,7042,9205
3100,7763,3108,4237,1621,8173,8992,3772,7882,1162
8385,7214,6456,5256,2194,1839,2567,177,76,3188
4550,1826,2299,4469,8816,110,5149,4646,7127,446
9060,1023,231,1449,700,7618,9901,7406,1986,3379
9035,1728,9234,3733,798,2848,8783,6222,6178,9862
4146,3546,3507,3671,4096,8678,7635,5416,4867,9430
8807,4128,6883,4973,7880,3908,4408,9298,8658,2073
5074,8682,3656,7770,4730,5501,4742,3475,3844,288
7249,9408,7582,97,4754,8536,9495,5574,7097,7643
6375,3072,7738,1563,3851,5385,7536,6664,3828,4782
5725,5712,746,1849,1110,9426,2953,3099,3660,4672
2286,7147,2415,9177,561,8964,1333,358,5853,9852
4551,9641,5618,5183,1761,4416,5774,7051,8174,3696
4650,3558,3783,6690,3418,1100,6706,4595,8550,2629
2406,8482,7867,3657,2619,9341,9607,6531,3887,295
9555,5249,187,6103,7308,6460,654,2769,620,5505
5632,833,2107,9462,7087,2061,1238,8297,3534,1093
1654,8999,7557,3034,1568,2643,4369,2801,198,6964
4270,9569,6240,5742,3854,5236,9657,8584,4122,8588
3271,7186,7980,1099,6152,6742,6026,9750,9748,4717
3897,8857,3568,6890,7479,832,3015,1309,1066,5717
5521,6175,6916,3326,2672,2697,8551,9899,8539,4003
2127,790,1091,3239,6254,1092,8891,3703,5305,6370
3068,5798,1758,3267,8742,4357,6628,8369,9689,7841
9194,7888,3926,5892,2816,1296,867,1344,1152,8402
1432,3866,2715,2088,5500,5222,5251,7474,4911,8641
3001,9702,9609,6074,1396,5526,2578,570,6526,8852
9049,3877,5248,2351,8258,6230,9439,3566,8434,2246
6612,3036,337,6016,3286,8440,9114,1200,2199,2525
3006,2323,3784,2759,7782,9606,2938,7261,2359,6455
6648,100,6617,9672,9344,8340,2038,8331,6147,8847
929,1541,5696,4621,1088,2124,9496,9804,9510,2947
6570,2881,2528,7778,4947,9123,1771,2383,3865,291
6396,3346,9816,4810,8864,1859,4927,1893,3283,6866
8889,5346,4338,5112,5212,4716,1456,1852,975,4616
47,2123,8332,5577,5330,3749,7289,5499,8425,7597
9985,2946,3348,808,2583,1543,336,1471,1951,9603
5679,6750,6095,8950,1954,3702,6243,3533,5581,1885
7549,6591,8427,7979,2451,9931,2126,6548,422,7766
3263,7688,7008,3552,8295,5874,4049,5379,484,4191
2119,6182,3593,4143,9533,4806,4374,9598,804,112
9847,5759,1499,699,8292,4426,1315,3274,2117,5062
3018,5286,752,4114,9252,7876,4725,237,501,7817
5666,3243,4761,2413,674,5889,6847,1903,7418,2972
1117,2215,3622,938,9071,6435,643,8603,4819,6821
8899,3867,7908,5336,7368,4914,7154,8220,9315,1234
2548,7439,9925,7068,1822,9191,8176,7906,2833,742
9347,523,3986,6065,7049,46,7603,6647,2691,6446
6595,6156,3230,2466,2896,8314,1925,1523,9489,9028
2536,6328,3255,1491,7922,6852,5075,4484,5752,9388
3335,7877,334,7326,9814,8134,6583,8002,7551,1639
2143,2472,19,5274,8806,2267,5441,5689,4820,8250
5470,4507,3279,6014,1670,7547,3208,321,9385,4607
3461,8861,3974,3153,224,5263,7774,5739,7537,3273
2767,6043,2410,736,5989,6939,3428,9704,2903,3972
642,4802,9558,2004,2009,3920,4180,3214,4302,2735
316,6634,2008,6878,2404,6834,4753,9591,9376,4828
3317,1535,124,3743,6836,5898,5903,9435,8068,8924
6338,6167,2018,4379,3142,1439,3977,9083,8357,6090
7960,6306,838,3711,2097,1650,9512,371,3412,4441
8975,2892,1133,4163,5956,5607,4851,217,290,9043
6165,5449,499,3599,6644,6280,6635,8819,2118,5893
1034,9411,8567,5958,3800,8307,4941,7263,4583,7783
5159,8805,716,3455,7194,767,6599,5868,551,5665
2600,7132,853,7481,2535,7625,3512,9325,653,6278
626,1463,4361,5740,5436,7191,4062,1824,2098,1725
9789,269,9081,9213,5283,7556,7587,5825,503,3101
5150,2446,4961,153,3029,1441,3276,3049,1998,5452
460,2495,4783,3446,5390,6275,8079,5368,4125,4785
2195,2330,3321,6209,7083,941,7163,9580,144,471
1462,1107,433,4246,3297,1120,949,8601,6246,5849
7713,4396,5370,6842,9186,1460,3491,6,7605,4948
2484,5949,313,9589,6207,6544,8790,5412,1018,1703
1858,7693,5780,8771,1266,8456,1021,7363,9147,6227
3542,8362,4106,9159,7454,948,6861,9492,7703,9103
9708,578,282,3857,5995,7130,2029,3050,3277,4346
6348,1831,2333,3334,2617,2849,2370,6116,6633,1444
8628,6208,7460,6096,5902,1627,8230,6669,5890,5296
365,9559,3030,8170,7640,8486,7015,72,5766,4203
6826,4272,6351,5662,3186,3612,7436,292,1909,3770
3812,7430,9054,4449,5516,348,9026,9491,1551,319
9737,6586,2066,7834,6078,831,129,2436,5617,5613
4709,8191,796,6317,4830,4417,3999,3604,8126,3725
9096,8059,4575,991,2111,333,1754,4010,7177,8212
5966,6186,6725,3875,1715,6967,2744,8787,1524,6719
7473,5721,6260,4419,1006,1212,6241,6347,6224,5090
4501,9741,7832,3822,103,669,8327,8520,3692,6045
6713,3833,7912,4315,4768,4937,4286,4629,5912,5240
9502,5938,5041,6523,1890,1213,8768,3600,3697,553
4123,4209,8518,151,4837,926,8962,8390,3509,7353
3337,4336,6803,2877,5006,6205,9317,818,7642,6833
6893,1356,1975,7930,7914,2239,5559,5099,3752,3164
9542,3777,858,3501,9557,5287,1267,3814,9262,51
2800,1314,2458,1689,6995,7230,157,158,7789,7664
8189,2366,4990,3964,4767,3922,6879,3333,8046,3980
9963,886,2839,3373,5073,8730,5698,1236,9218,3665
8752,9745,7623,2211,988,7596,9562,7665,4763,6181
9694,7307,8715,3197,7610,2434,3709,2054,125,5391
7477,8674,7988,627,4889,3563,1199,7300,2463,2159
2928,2980,1519,2933,2879,3945,1766,4811,8383,2551
2265,9156,3634,1745,7601,1177,1764,2636,8989,3695
6059,7685,7414,6943,4720,4735,1671,7292,3047,6784
1690,1423,9593,8576,7447,8463,2382,543,3629,3849
5293,2627,5307,8426,1772,874,8500,8757,981,507
6406,2936,7802,4372,7523,4492,9425,2102,6965,9715
538,4214,2263,5383,3549,9977,394,3010,5046,5782
7714,8062,889,4309,2345,3439,2661,3896,4589,213
5414,1714,8876,3116,6424,6192,6587,7494,8814,8380
4144,4665,7485,8188,2587,529,3481,1904,8308,1262
8429,8578,7779,9464,7488,4892,4884,5914,8839,692
6630,8954,2625,2787,8564,5232,3254,4054,5794,2950
9019,2875,3366,6021,3138,9350,3023,2840,4239,9939
903,7180,9498,1007,9053,5541,4677,5846,6960,9493
3823,5005,9427,4446,9061,9377,1619,2392,4258,6432
1947,3732,1290,943,4915,9987,2238,3717,6171,6388
3076,5162,5180,9466,5315,6250,5185,4232,2882,1279
8563,860,1016,4464,3935,5462,3128,4793,2727,5063
4633,7504,4085,1693,5828,329,9185,7707,9586,4445
1662,3682,9334,5630,186,168,2923,4680,2807,1829
4115,1468,6310,323,6969,8080,9648,7401,3882,1730
2067,9066,2828,4780,5384,9366,1224,498,2563,2421
9752,828,8392,7848,6287,4471,1085,9916,601,1834
4870,781,8517,6298,5303,8820,4103,3066,1322,4624
4466,5357,635,8664,3753,1757,3791,4109,6818,3879
1239,3641,3737,8902,2003,1350,3289,5959,9167,6579
7387,5525,3165,8478,3965,5013,1452,36,7296,3386
9671,3382,6815,5201,5027,9919,8303,415,9780,2281
312,4255,2457,256,9057,6256,1733,8800,8323,2906
9576,634,4514,7993,799,172,3947,138,8164,7497
7803,8495,2949,1115,5477,8813,6737,4566,3661,5210
9012,2851,7183,2163,3340,5496,3300,3219,477,3750
8918,6827,4984,6450,4007,9914,8686,7350,8568,7650
3472,3608,1872,7711,4058,8719,4337,8996,5021,8675
4294,7023,9014,3523,45,913,9242,5642,7579,2689
8009,7528,342,9813,6082,6953,805,3039,5016,3663
8934,3642,7472,1427,3820,1659,8606,6365,8192,2712
3628,7706,2069,1381,3314,2378,1051,5748,7219,9872
2927,1775,1802,1853,43,2133,3086,4009,8412,4110
3826,5864,4994,2453,1194,3060,7201,8988,721,2024
3215,9823,500,8236,875,254,7674,2412,9621,467
7566,4389,1889,8106,3378,8433,8151,9590,9534,675
1916,9084,343,504,7137,3145,3063,1168,4630,5122
6673,3401,2302,584,4089,3874,1628,1867,4531,7361
5808,5735,9714,5883,7722,8382,1731,8097,2764,7594
4130,1956,7164,127,5596,6564,3410,2000,1473,1677
3504,7756,5506,2206,5687,183,2397,1369,6721,2952
6177,3476,4363,7028,8622,7333,2533,3092,9999,1289
5373,3203,175,5247,7227,8484,7950,6170,6401,2203
2147,6353,2105,7205,4013,2772,6102,2031,7939,7552
44,865,7281,7254,8142,1367,1438,5430,4166,7525
3683,401,3158,8620,4039,2477,8100,7193,4479,162
8384,1963,8124,9525,2064,8208,3427,9055,1413,5870
1243,5926,765,1729,2739,2089,4437,2788,4497,2824
687,8922,8871,2309,6700,4187,325,7208,6547,2654
8914,3637,2357,4393,4732,5083,1990,6814,8404,8128
8140,9875,2271,8420,6882,2868,7830,5111,6232,4582
5408,2318,2166,7981,6151,632,6195,658,4683,7866
6525,6760,7045,4375,11,3085,6004,8137,2829,2072
7174,2151,8328,1724,6901,4235,5107,2075,5133,1053
6869,9115,7026,9942,3678,453,6451,2207,7529,8228
197,9528,8705,8036,1022,5312,9476,485,4871,3578
8858,1288,2120,2180,8843,8908,5008,3759,2984,1189
9514,391,6266,1712,7342,5585,1172,1546,7424,8700
2973,1134,3813,6138,7010,6301,5139,9583,5097,9876
7875,6106,2648,2891,3816,5945,8721,9451,6560,5611
5537,5205,7084,2430,4273,1592,2486,8860,7727,1783
5807,6629,3161,5744,2381,3265,3237,1496,9490,5229
7666,2919,8978,5503,6464,4525,6771,2711,5700,163
9500,3064,3117,6497,6639,1284,8997,2541,4140,3140
6029,2447,9006,8602,2375,4613,9164,6853,5432,1397
3886,4210,9343,2040,2454,4628,2115,5660,2251,4092
1504,7889,8163,843,6313,7383,362,4406,1981,4454
4651,7206,7413,3003,3956,6011,7117,8781,1057,5481
5580,5174,5859,3939,2408,377,9170,6730,555,8878
5482,4669,8269,6788,2254,9302,2387,7030,9661,3026
5655,6248,8336,4690,1362,769,9327,1818,849,8061
7907,2091,1334,4219,7855,9178,9881,4546,7328,8856
1564,1025,6801,9878,7223,8609,6416,1417,6736,6825
679,5448,4491,9161,78,807,6761,9806,8862,4269
3474,5791,2391,4026,5953,3114,8565,845,8926,1896
4177,4909,2905,8043,8599,1201,2959,7469,9265,2795
7151,9188,8300,2550,3758,6704,6708,5856,1179,6698
6473,9540,8815,969,6027,148,5974,8073,1912,4737
9223,1934,9952,7823,6196,7522,2095,9269,5544,3561
8116,5532,2085,2092,9250,5281,2394,2825,8372,9330
8829,7626,1668,4656,8461,6309,7545,5705,7785,5158
9602,4105,8744,8121,2464,104,6759,331,1285,5415
1617,6056,2311,6981,9832,7260,5723,5514,7257,4695
9612,1838,1873,8822,8492,2846,9137,1722,7052,944
9078,8723,9208,8441,68,5927,8772,6931,7408,1891
2396,8594,3574,1683,7461,6324,1341,7016,6675,1795
1765,2290,2618,5265,1253,8683,3621,9292,995,9506
1835,1038,6050,286,953,3014,5345,5599,3417,8178
4266,6926,609,5710,3921,4766,1870,9244,4052,2944
6720,3275,3864,2657,2490,1040,3220,2570,236,2403
8007,4136,9362,5143,1778,1268,9968,5226,8779,2965
8867,3528,9651,8001,1781,2045,7443,8003,8873,7211
9249,9291,317,4686,74,4702,1311,2664,2916,7508
8720,8391,1071,8510,7729,9707,2306,6462,4490,8435
606,3097,7869,4244,2844,6619,6404,6618,6799,3705
7989,7972,2666,9979,3217,8583,3881,3522,4355,8088
1,7380,8226,6216,8729,901,4902,14,4153,3212
2369,3527,795,1577,3467,6000,2763,957,5961,3082
9697,5806,3571,7715,4233,4131,8090,6145,2285,308
2561,1459,8592,9981,1343,8048,7630,7514,6505,8635
7809,7463,6524,819,447,912,239,759,7952,6483
1044,4543,9543,4890,7240,3198,8239,1797,5418,7005
9109,6085,8741,3259,650,3027,444,7671,1634,4397
5168,4894,6684,6979,7277,4242,6215,7805,9238,1684
3912,6302,4016,6925,3787,7641,3790,8219,9734,2201
1871,728,9355,3817,5245,782,9135,2096,1278,2998
7216,6477,5308,4290,6060,7486,3550,2847,3535,8375
577,7943,5142,1652,1487,1811,5531,8406,4588,2172
1481,243,1174,5555,5396,4997,3606,6699,2591,1860
8041,2798,586,6072,6924,883,8716,5474,4901,4560
9475,879,8912,5621,6899,8717,8186,8350,4996,8644
5814,2596,3442,2582,386,3949,7517,5324,6154,9665
8405,950,4323,7440,8148,1244,2465,9613,9308,1823
5667,320,7679,6637,9670,592,1651,545,4398,9225
479,4940,597,7676,3031,6031,436,6489,5398,5084
8398,7427,8238,748,1609,255,7044,4958,8724,2355
6479,3339,8467,3367,3364,4394,3206,3796,2624,2444
9587,296,5354,9573,8586,9470,8523,1186,4943,7843
8022,6458,2822,5534,8004,9867,8887,7574,2602,8442
7499,5493,3589,6793,2506,6193,7129,9552,2805,9505
3280,3588,7146,7615,9010,9838,7967,1926,6399,2131
5190,2527,1646,2754,3430,2679,4906,4402,2155,859
1936,5039,923,5730,1749,3654,1923,5397,2794,1469
9484,8453,1475,1706,3221,7931,3762,766,1387,2425
2187,9992,558,1641,8291,4705,2658,5306,3129,2720
3967,5434,4540,6565,8573,8994,2775,9266,5703,3069
9572,5057,7135,3936,6692,1999,4868,8712,2036,3689
5087,6993,9335,8232,772,5292,6383,3492,5473,2104
3480,920,4253,7580,9353,9090,7949,135,6019,9278
280,9682,4196,1808,3349,8214,3804,9904,8284,8533
8907,4190,383,6966,8629,9604,5359,4197,3196,178
8627,1717,1167,3127,3252,2925,8984,5381,9328,7373
4264,3083,7284,3602,2388,9076,4285,5327,3990,2335
2859,1103,1434,4164,8198,8789,8702,4639,4801,3332
7140,9111,9841,6037,1335,7192,3189,2863,7058,8624
6625,1422,9553,5012,8008,5770,1806,1648,2476,1785
1111,7012,8351,8662,8416,4345,4526,3447,486,4231
3422,9638,5067,5911,8454,3497,4712,8354,2418,1263
6898,8747,610,925,287,7202,8272,7844,6032,1854
2837,5722,4476,8401,954,6859,4930,3465,2158,3200
2473,8233,4280,9520,3971,147,4824,8443,8279,4869
5282,5948,6678,775,62,2917,5342,7375,8515,9321
8661,5056,9566,4809,1555,5566,4331,3487,5928,6409
6442,1562,5827,3485,4603,6897,2376,6198,1666,1964
678,2164,6999,8714,8076,661,9754,9095,3694,9637
894,161,2295,8451,7845,2491,2674,1411,3396,6282
4434,9784,2818,4558,3982,2778,1097,1510,7798,5933
4407,4861,1126,7868,6740,6588,683,5077,9870,8217
4925,4376,5160,4887,566,1185,1767,7225,3811,847
7721,1779,1825,1101,7811,9152,9196,95,9519,6515
4496,8109,4478,8696,3331,4348,7998,3756,9596,5869
1489,2400,6272,5515,5592,7991,6795,5459,1994,7379
2042,2291,880,9842,7854,6327,5161,2651,6798,3960
6148,3721,5188,3774,8731,9154,3616,3567,9477,4021
2843,5392,2974,3744,1529,7925,9437,934,140,7669
3728,7433,5065,464,4710,2802,940,4360,6622,3903
6714,684,3831,2665,7256,4343,3805,7799,1789,6015
7709,4327,5151,7412,7838,489,3084,375,2432,717
4792,6787,9382,341,5649,8196,6267,2725,3437,5944
6532,2866,8095,7651,3017,8087,5692,8155,631,2393
8333,4926,4859,1323,7839,7942,3299,7859,5681,878
8982,3235,6443,8319,3495,7348,5919,7827,4053,5834
6108,9890,2390,6816,54,2181,686,3610,1009,6494
1419,3387,8825,7849,2887,2356,5952,9446,4459,3583
165,5294,3065,3234,7575,5638,3112,437,1697,66
7178,5913,1079,1567,9468,3667,5257,5268,184,5467
7540,4946,6689,7726,7316,9172,3685,1401,815,4659
985,4795,5900,7053,2340,3091,8260,3845,5278,4019
6129,4161,8034,4395,4840,2020,3781,7462,347,5136
605,1029,130,452,1966,5558,6035,6974,3824,9630
3937,7416,557,5670,5189,5332,4129,4212,9642,6159
297,9040,7879,3406,2685,5238,9627,5497,7690,6407
2719,9392,2603,1365,3940,6239,9751,9488,4236,951
7797,3961,4027,9705,1527,9165,5439,2599,9618,7978
2532,1552,9770,2856,4238,8169,9486,8937,9272,4878
1467,6569,5479,7079,9826,3806,7718,9588,3199,7561
211,3285,6481,1556,4265,1600,5993,3624,2721,9000
2074,4959,4565,9093,3229,4794,6325,2768,8123,842
2929,8071,2225,5425,5934,9568,9808,6475,33,8365
713,5699,548,4038,2702,2751,25,1048,248,2493
1973,6447,6173,1000,8613,527,2683,2094,8634,2520
1248,7050,7293,283,3190,9905,6492,906,6449,2576
2804,5314,8215,749,4981,106,3416,9761,6527,9756
5148,6140,1876,9894,7168,2013,5182,414,6273,9199
8306,8039,5262,5402,5002,7493,7331,999,4274,5341
1313,7905,6865,6320,2435,4853,1256,5888,7453,3046
9097,6956,1282,9276,888,9945,5684,1940,4228,6092
6662,5028,2317,4980,9226,9074,4844,8654,9003,8057
4668,3498,9782,2982,3681,8293,745,1320,6467,1827
3701,4879,1815,1971,6104,35,5878,6528,6183,4483
7751,5830,6264,3425,4601,9742,3723,128,2274,5367
933,4254,8282,6263,1682,4453,9038,7187,1096,150
3997,346,2812,9301,1560,1597,1727,6160,885,7116
4429,963,4652,207,7033,4120,6876,8197,3167,382
1216,2586,5356,9846,9211,8160,2915,8961,1819,1067
5460,3930,6052,5113,9481,834,921,4816,2667,1792
7622,6572,5572,5839,4578,8930,2853,6484,3838,6606
7253,2083,6146,4576,3400,9994,361,868,3298,3691
9483,8915,212,1698,9954,5200,7769,7692,7247,4382
608,4731,378,7054,6429,1010,2870,4968,5092,1917
9173,3459,2016,9001,2512,3008,8494,2498,8053,8796
1750,1877,5096,7487,8810,5815,1273,3045,6288,9893
1613,5625,7009,4798,5001,476,2668,6053,2638,9515
2321,978,8165,7682,5512,281,1517,205,9058,3841
8669,8422,1735,2955,7538,4799,7286,5610,6988,6597
7448,8692,1378,9206,2904,6465,4644,206,2771,4538
9848,3156,9319,2433,6437,9228,4974,1340,4774,8559
5824,9729,4349,6665,9793,1488,8144,2741,8464,2071
5583,5795,3394,8617,1584,5053,8524,53,5695,3514
8187,5629,2517,8111,3482,5575,8541,6855,8782,7498
2782,6688,4428,9230,4176,9639,8597,6601,461,9634
9771,7970,1976,959,1984,2028,9045,416,6584,7313
8194,196,7507,2723,5100,9601,4188,9307,1637,3253
8509,2678,3687,3513,4018,9620,5389,8439,1716,7732
9241,1165,2284,3773,2244,1205,560,7161,5125,6765
5623,1526,9799,6755,3309,4493,9964,9042,3521,7167
4615,6768,7065,406,6546,930,4568,4635,680,131
2610,4324,474,3413,335,6398,2544,4770,234,2492
2250,2379,266,9930,3496,6440,5154,7271,2780,7
6225,9763,4411,6058,5086,1814,6392,7330,5587,5214
7420,2257,6722,2951,3242,6754,8593,5564,9786,9940
4108,6132,7633,5524,820,4826,8525,869,7038,2050
1612,7324,4528,1709,3792,2062,4275,9928,567,2797
8370,4448,1336,5862,9527,6986,3071,6157,9396,203
7295,3952,9487,1782,1338,4585,8092,9889,2214,475
4206,4354,257,6046,2662,5105,2524,5043,5213,7831
9094,6679,2644,8516,5963,8865,5528,7708,870,1734
9924,777,7250,793,6218,3374,8042,1032,4606,8505
216,4400,8983,1675,9011,7629,7951,6860,5677,2796
3154,9183,7389,1702,3740,1587,2814,9313,7822,7290
8496,1173,9099,1251,2745,1921,1398,4112,8928,7106
1451,9151,2312,7604,3435,8733,9387,4977,1484,6820
2150,6517,6819,8025,5103,3597,4439,9812,3194,4898
3751,5374,303,4714,2112,1599,7592,7321,8266,6783
440,8746,9592,2226,3508,6521,1593,4020,8064,1656
9740,5659,7405,324,1493,5118,9399,2048,5328,4776
3171,6439,4929,3943,6274,4771,9440,7356,270,3710
83,8884,4175,8347,6830,6036,9303,9622,7134,6079
5947,326,8102,971,6498,4625,8753,193,9473,6123
7073,4371,872,6474,3708,621,9051,6840,9824,4962
6255,4513,637,4858,3088,7210,2461,1454,3345,8701
5179,4283,1874,4564,4733,3995,3370,862,6985,8203
9146,3395,7816,8125,2776,9369,9668,5539,7004,7569
64,6242,8888,1540,4545,7897,7742,972,4972,1060
9469,2883,1616,6509,8851,7029,9031,9340,6252,7919
806,435,4390,3377,1399,6431,2963,7687,9579,9951
778,8469,2365,9290,5128,3631,1182,9611,9960,7850
6087,1933,6845,565,7111,4954,7720,3383,7806,182
6101,2068,2399,6153,3765,1332,4333,617,8560,2017
3109,2605,5387,6655,8544,8444,7533,8553,30,5219
1407,9047,6874,490,3572,2608,1547,7916,693,149
8054,8432,3499,2182,5792,8833,5822,6905,9695,1820
8227,2581,6496,9401,3778,9913,8507,3617,12,5586
5417,532,7826,1622,7702,785,376,3264,9456,1618
2809,4719,5172,5376,6907,6088,7266,5319,7072,1603
7332,6616,7704,1777,7795,2623,2511,8558,4542,2518
7000,5361,4151,9753,559,496,3830,2325,4424,5983
5809,7385,9322,672,5775,6807,554,7403,9973,4117
9132,1763,6130,1372,7842,3449,1498,39,6335,8821
4855,8995,5975,6963,3081,3225,9,7080,6701,1319
3176,2746,4738,5831,3228,8075,3775,6428,3973,5579
738,4155,2389,7138,7120,6236,8570,9295,3,2200
2606,2893,7794,5267,9807,3168,5997,6896,9849,9434
2347,3078,5458,1339,1570,3224,3350,9725,8660,5433
2422,841,6511,5711,731,7317,345,6299,7752,1608
5338,8246,4833,1525,3585,5261,4353,9404,4423,1969
739,5066,1013,1140,4204,6022,6064,5548,5228,5967
8060,1685,8335,9626,55,8085,7748,1089,1606,8237
7990,4102,9345,4998,5760,9923,8760,3794,3210,2750
3946,513,8213,4827,8373,8493,293,4281,7142,2734
8548,9104,5658,8476,9025,5551,8363,6504,3676,4539
6624,6917,2416,6312,4626,1073,5802,5873,9212,8257
2468,4691,2255,4248,5197,3636,840,4561,8349,492
2153,8460,9140,7745,6809,2427,902,9526,1098,2188
4503,8574,2015,7935,5279,8546,3291,2402,3258,4541
7314,278,7198,1494,7173,4727,8093,188,9153,6251
7299,7645,1300,1687,4864,3251,2761,7298,8935,7636
8619,647,5833,8418,7873,839,4352,4468,4147,1997
1694,8030,7541,5082,7910,4610,4104,8315,8527,7929
3640,5272,5568,4342,5224,4381,5193,776,5550,6452
4641,5140,7258,9176,4107,6880,4205,3580,5311,2509
8970,2593,6603,4450,1144,5538,429,2230,7697,1482
7003,8231,3494,7870,3538,7567,3195,4658,2628,3125
9277,5153,7886,1774,3120,7392,7495,7252,7339,6889
5176,3970,7335,8410,9287,4684,6674,8667,2372,3532
9857,6513,4299,2189,3786,2646,8545,2983,9428,1039
5690,8376,5801,7351,2630,9865,6124,6097,8713,9655
4139,6641,1122,9975,1751,2637,2138,6122,7730,1246
7911,3670,2615,2469,2871,1497,5838,5743,7304,6332
1522,4843,7391,4252,4005,6114,5582,7576,6593,7347
6514,4048,9582,935,1211,8777,2448,4222,2641,5195
2262,3421,1968,6371,8938,6839,2836,4330,9886,1930
1886,1294,8353,8490,9039,573,4529,9679,9877,1231
9125,7236,6631,2673,8959,7941,225,1302,6010,2710
7112,2499,4159,1673,897,5147,5181,2445,9713,990
4789,8830,7840,7153,1788,8254,9684,2,8552,4517
8931,4808,6856,3218,5773,3757,3911,7828,5406,593
900,5520,1148,3432,6519,6006,3601,4700,5250,9015
1780,5051,6293,1531,8947,651,9247,3319,7248,8024
1355,5301,5058,1437,8676,1136,6162,3038,9338,6705
8792,7066,7648,5608,6009,3902,8317,1012,84,4150
7852,7357,8270,3327,4135,7376,7396,8377,7743,8310
8129,2834,800,7076,350,4387,656,7767,1865,4574
5495,2409,4777,9118,8096,2908,6841,6929,9839,1106
1031,2614,5362,2995,5619,2992,8770,4643,121,4590
521,8754,2799,6796,3878,8016,6909,8103,5992,9364
9463,4022,6039,3855,3996,7128,8481,2994,9563,1170
6912,6933,770,4916,2470,5594,389,3675,9304,603
7217,2523,5965,8020,7997,4481,4814,173,5688,7927
7158,8672,3013,2367,6804,6812,1017,1640,8195,7165
3525,1221,9554,3077,1195,2316,1380,1589,5765,1817
4485,1171,2742,322,5355,9703,7724,9941,6486,5260
9243,7278,6366,7663,1699,1235,9851,6098,6808,1130
1901,580,773,2273,9658,5349,3539,4350,8112,6535
9578,2962,5023,3763,4304,1453,5702,3885,85,1571
1281,5562,9168,641,5590,8011,2303,9215,7069,6364
7895,9310,2314,7543,5867,8225,6042,8898,5020,9984
396,514,6975,9882,3869,8172,6499,8179,2006,3134
370,7861,4063,5171,7903,7773,6234,3515,2209,2941
3322,896,4681,3209,3835,733,2373,5019,1371,4703
4311,67,9640,4875,1605,946,363,3797,8029,5788
8364,5872,132,9182,5386,9021,5337,7786,1109,87
3246,9110,200,751,5318,4368,7535,2747,3192,4784
2611,4935,5098,3233,7437,2360,4378,8263,7984,9980
7370,4592,1230,9733,6304,4090,4037,3581,8414,4805
9731,113,1226,5258,4673,9397,4587,599,4825,2726
6667,8094,2901,9423,6695,3688,355,3123,1209,1741
7655,6694,8874,4499,8877,4074,1630,1844,8691,8047
4418,4364,3543,6410,2100,7231,3028,5633,6073,3942
6419,6378,13,783,2979,8424,2114,6846,5982,7228
857,4883,1748,8480,1354,6226,8371,9282,7397,8626
7179,3979,7853,1265,5076,5364,9210,3595,7735,7653
1443,7565,2626,811,5768,4502,4865,5421,6361,7234
7938,9777,8903,5817,9835,4978,1604,2510,2219,8360
8276,3493,9107,9801,4391,8587,6184,9646,5266,4367
2554,1404,2377,4508,4328,5121,536,984,4141,9516
8374,4243,4891,9828,7801,931,8251,2021,2070,6984
9687,7554,4477,4288,9160,9102,9485,899,8051,27
2786,5517,1830,2557,5737,3998,7070,6887,1255,8665
9336,4293,3450,511,5044,4081,5431,7959,1027,2130
5601,7491,3207,2546,8780,393,1105,4547,3827,7048
4721,7096,8883,8711,9395,639,9546,1225,8697,7171
4772,2635,6888,1108,2831,6727,7184,1804,3992,6731
4169,3769,3848,2911,9255,4208,8616,5471,2001,967
1505,720,9414,8436,253,8958,4723,40,5163,6609
2135,4718,171,2765,8685,5085,4903,3124,8673,8969
5487,616,5465,5186,4790,2005,2269,4762,8283,8529
9669,5779,5643,4908,94,9581,848,1366,7851,877
7394,4500,7975,5290,1161,3311,2526,2803,1542,7835
4000,2573,8778,167,4045,4697,1132,9897,5360,9834
6743,5237,7496,5584,1035,3959,2037,581,2580,7814
3323,8466,9171,9536,2011,2790,1596,7962,227,4577
7864,7209,330,160,6133,9667,6851,9698,2821,1137
5758,8811,9624,1710,4262,4080,5922,1875,7061,9513
4035,9052,9993,4527,2592,2012,8017,4086,7781,2556
3012,2026,2650,1632,7262,4475,4341,909,7583,4602
5156,2731,17,3295,5876,5089,4172,32,9465,895
3302,1740,6040,3862,2716,5126,4506,2282,4291,9452
5674,7341,4957,6930,9158,4482,9474,7036,3357,2154
5009,4383,6190,3645,9783,8450,4899,3625,5787,5130
5955,4591,3966,2334,5554,8474,970,6613,2663,1261
2361,1090,185,7871,9969,4223,7431,4444,960,7455
6081,5080,7564,6623,356,9148,2873,607,2145,5518
4852,5984,4687,5680,102,1485,6751,15,3177,6626
1503,472,9610,5405,7701,7609,9976,9121,4195,1642
7101,442,3613,5052,6817,6200,96,8956,5369,9284
4993,1492,9909,1927,4951,4988,3649,1576,5546,6611
2157,399,8143,3201,3788,1361,6201,1953,6968,8115
7813,4121,7425,4024,3238,8150,7024,3782,3211,3591
6223,9644,8000,2110,6069,2813,5393,5589,1770,1813
8894,6849,289,5939,1898,4073,7285,3843,9214,258
4975,667,2328,6179,8457,6083,1979,6295,3244,2452
6928,4251,4142,7829,1202,5234,4663,9106,1842,4033
3089,3808,8968,7064,6125,3978,3104,5576,5693,5783
8534,1828,2656,2462,5208,7670,3079,2087,1003,8504
9008,6012,8942,3726,7526,4056,7894,7018,134,7746
8264,3132,1254,9122,509,5317,9064,5455,5401,3664
9126,2053,9537,1696,6949,743,8345,3457,6100,3795
2049,7242,9711,4467,8485,4741,0,3729,908,7467
249,7402,8709,7974,9155,2456,5135,2044,1644,719
1385,7884,3484,6502,9029,4221,7791,9732,1384,2243
2401,6536,3236,9739,7204,5650,7737,7232,8018,7872
8868,9326,5435,8343,5011,8055,4872,7807,2405,8379
1581,3375,3287,4284,9314,400,7892,5,6991,3293
6921,8352,1983,7563,579,3510,2880,5413,1431,9363
3308,5152,5366,5720,8892,3693,9927,3715,9895,8069
760,9535,4945,5302,9680,2437,7344,7039,2872,3810
5891,9809,9023,629,7032,8853,1723,8153,4029,3107
1450,5088,4839,3511,6326,1638,7121,1326,8223,4335
6769,3136,7765,2986,6567,9819,3618,6478,1058,2830
8784,6716,6923,6940,194,4573,8688,5093,8817,7078
427,3312,4065,2196,4746,4817,7932,449,615,3241
2279,1958,6438,1809,2349,8388,6214,4520,3438,966
6126,7372,5746,305,7712,7374,366,2943,8735,3105
1283,2341,6387,9803,4923,9673,2076,2531,1424,5167
7336,3815,8745,398,4605,4893,4838,8765,6555,4569
1866,5492,6955,2639,7961,101,7749,6344,2884,2815
4953,1790,4803,556,8244,6099,1513,9253,3981,5225
3557,6211,652,1180,4649,4094,5547,497,8681,3570
6707,6075,1929,3445,3941,9614,4347,8052,4904,5552
9192,454,5731,1435,2781,1557,8704,1095,5242,1962
1308,2047,9794,5145,2515,1631,2398,8766,9643,1938
7398,3324,6485,2990,8728,9755,1580,9202,7086,1590
9415,3906,6661,8083,1514,7492,1857,9067,7001,6512
8183,9438,6791,3860,9629,4070,7739,7971,3652,8255
1070,5372,3745,689,851,2276,1143,5170,1346,6935
7964,6024,7627,1196,3627,116,1554,9143,9391,327
6113,9983,5513,1701,6488,9796,8224,4505,9722,7444
9207,8344,1537,8086,3944,3137,6292,7358,3341,5747
5896,7606,7694,8893,304,4693,2139,7891,8694,3146
7037,705,6350,8632,530,8590,5022,8421,3466,4241
2232,4260,4734,6580,3818,2785,1501,892,3342,914
9843,9069,2060,2540,762,6857,9833,8927,7432,3630
2228,3632,1118,7349,367,6982,2204,3633,9765,9203
8633,8201,3741,4462,7160,6645,690,2862,1508,7118
21,2431,8977,9092,1869,6691,2304,7272,2559,515
4377,1330,9448,6120,2052,6139,3587,6660,7539,2248
5671,9903,1410,4834,3007,977,2142,3914,5673,2224
6758,2504,3307,9220,1476,659,7963,9597,8305,8755
3489,4451,1738,8130,2920,7515,7092,8695,6296,8243
199,4631,5468,2420,1445,2860,8312,3928,2670,7445
3328,4701,9943,788,2762,1948,4173,70,1544,1065
5951,6627,7060,4325,6873,6318,3354,5597,8248,1259
5563,1573,5007,2942,3934,9532,6950,7458,7366,4745
3975,9479,1932,9195,7382,9329,2078,8841,354,2079
8604,2125,6507,520,9802,9379,351,4969,7162,3994
508,3913,3000,3735,3760,8181,9956,6105,4726,9970
5593,6556,2967,2819,9883,9359,8725,7634,1713,5707
1585,1198,7573,3825,8207,6518,6372,8400,4642,3135
2545,8998,3596,7166,8168,5348,5184,6540,8598,928
9907,3626,2197,7699,9910,5530,8459,3121,9574,387
7776,4533,5202,6775,7890,2553,4,7359,6044,9717
835,1409,1721,1228,1448,7244,6654,5595,6538,7678
9378,7354,9820,1156,81,9774,7459,9936,4413,4979
2502,569,7680,8378,3915,5837,4014,5310,9900,6341
7747,384,3853,6942,3419,2101,9402,2193,6349,2288
6469,9760,3204,1752,7291,3080,3318,6071,1033,4654
2698,6411,1197,3643,979,9246,6005,6894,5651,4715
5968,7451,1566,2694,1324,9145,6247,6554,9623,8491
3106,4813,2699,5781,8267,3562,221,4537,826,9831
932,6294,3025,6220,2508,5420,9400,3347,1176,673
2222,7585,5164,6174,5489,4043,8980,6746,6666,8065
8990,517,5024,4421,7560,5119,3054,8621,7301,4041
7017,5377,1992,9460,353,1615,8801,2208,8395,9271
7103,7863,2542,4279,5778,5375,7973,5840,3423,3919
6468,6315,2116,729,2969,3380,2991,1141,7434,9911
8135,563,7297,7657,518,6724,7019,7318,5602,8131
8341,9917,8066,5719,4057,4653,732,4584,8618,6358
2924,8680,392,7176,38,2315,724,6480,8749,5821
8966,7100,5533,2692,8557,5123,9251,2122,1911,8252
1803,8012,369,5340,3829,1272,9356,7662,1796,4427
3301,7667,6681,5609,4461,3716,6501,2354,8161,5209
1068,1762,3399,4963,1960,397,8944,4711,3073,6545
3730,3669,4119,2779,5469,8387,5904,7327,5157,2616
3040,2220,6838,2861,6389,7014,2121,6303,2850,6562
8638,5588,7638,1977,3653,7108,2899,6683,4918,9189
723,310,181,7617,3041,5656,9690,5879,9788,2268
1887,2494,9361,9863,1019,5313,7031,6290,2332,6947
9685,238,3469,1658,6289,600,3700,6319,241,232
3850,4807,2653,2144,6578,3932,1686,300,6119,4932
681,8211,2645,3115,7516,9046,791,2676,8430,3021
7148,5925,2002,6134,8941,8652,2022,4192,7309,7513
8487,3150,1674,6934,6466,4849,1063,6895,7846,8415
9157,7937,6008,4257,7465,5049,4415,483,3180,6057
2530,2957,3569,9827,7441,7123,2575,2488,890,4713
4611,8177,3938,9585,4724,1264,2981,9416,1316,5483
4779,922,1415,6620,6210,107,1249,7821,2912,3680
9447,1207,1821,9445,9309,265,6051,4873,4256,8615
109,8296,488,5333,4604,3579,5573,3780,6835,495
3609,3477,8976,6141,8689,1164,5411,3452,9482,6970
9938,63,6038,5426,8764,445,9795,8885,4068,3502
9360,2082,6204,2703,7728,9216,24,481,9953,8812
6080,1349,4752,3369,8285,945,6918,9866,6172,7500
3052,876,9372,5917,6962,3282,2749,8531,6333,306
7788,5264,611,4301,2236,9346,4034,9420,8104,9650
5132,3149,155,1042,9166,4756,8759,2695,4401,6858
4199,3590,6717,1705,8056,3103,407,5029,4885,4321
6653,1787,4404,2368,3573,6871,7251,3704,1928,2534
9988,854,7428,9450,9768,6041,6013,2252,3260,5858
801,190,4351,882,5654,1217,5755,122,1579,8417
2380,7736,2647,2141,8910,2655,154,6369,7152,1004
1950,1941,4215,6745,9459,512,6368,2294,5297,1124
7155,411,9764,3807,3139,174,4866,2855,663,2931
8502,8773,2977,3793,2505,7449,761,715,8538,9337
4422,4287,5343,8262,8880,7329,797,4455,8113,3516
7426,9112,6233,7815,8185,2129,6217,8241,7784,2717
6864,6682,7944,8158,6987,271,7215,8596,3989,8393
4399,5936,6685,5990,2869,9645,2237,4078,9373,8358
6191,2960,7686,6491,2684,3019,887,4597,4385,7689
3832,1578,7917,3718,1229,9209,1416,2555,612,5749
1773,180,5141,229,6837,26,3005,57,395,5322
7992,5252,7377,1610,1550,8869,5916,405,6149,7893
9915,4465,2156,5424,7057,8229,1121,9575,856,5429
3062,2687,810,3143,7812,7126,5645,5715,2688,7476
6357,1026,1665,8498,9885,5553,5070,3963,6093,2344
142,2854,1082,6376,3166,6258,8091,8190,7741,6002
8663,3957,7218,3895,3603,6875,6522,1760,4692,202
7450,7985,139,2707,339,4319,9471,9116,3160,1759
5216,285,1412,6068,3392,8475,2326,4620,1931,1429
5275,5323,4618,7771,7484,1507,8636,5522,9150,3130
9635,332,9406,1408,7668,9738,9141,1847,1845,302
3541,3983,1269,4698,7279,2713,118,2589,418,2025
1160,8318,9398,2242,9584,1299,7524,755,8182,1663
8670,8540,244,9436,8452,98,5335,7124,6277,1024
4194,7025,5727,1739,4312,1389,5403,5652,3306,1083
3876,8013,9817,6780,3404,3173,8659,3668,9861,6441
4563,4823,8948,7503,6111,3075,1218,5502,9856,5729
5102,6271,5388,9662,3067,7273,3576,6919,666,1094
8114,9617,8411,741,5134,6169,6747,6142,8967,1611
8526,6380,8259,4773,480,8608,470,4487,7199,146
3672,3330,1952,1104,3409,1704,4760,9932,9769,2168
5289,937,8334,6594,4599,349,65,992,274,1046
9625,6063,152,5365,9245,7417,744,3925,8916,1892
179,4134,3205,5442,7340,2659,5714,5631,7731,8881
4689,2475,5882,4157,5813,9560,5457,5908,955,677
4662,4832,9649,9197,711,9652,468,7862,7185,7934
5382,1052,6331,10,219,4516,1301,3405,7744,8906
1274,6670,6076,3020,6150,7464,4983,7181,6998,7287
5239,2568,6763,519,5445,6844,6189,1043,7796,9393
1470,2594,7400,2922,7386,7466,2346,9829,5146,8631
3313,664,58,9461,5131,6668,3403,2622,8581,9666
1306,5863,2034,7966,105,408,4815,5561,522,5018
8511,5905,5015,3766,1500,7520,1014,1636,5678,1987
6537,924,7510,590,583,5004,7965,5194,5110,8542
1145,5484,4004,7483,3767,2632,3950,6030,3256,3529
91,5078,2414,8591,8470,5761,2501,7956,6121,6305
8265,4614,3329,4370,1102,6952,1206,2428,9352,6650
5634,9825,9389,9034,1624,1142,8316,455,1260,2867
2191,2888,6164,5094,458,5095,381,2609,7531,6790
2426,1888,4888,4648,4594,9075,3840,8848,4671,4736
3968,9163,8145,4674,6574,7570,7591,6636,1747,8396
1357,4225,2806,357,649,2976,7656,5207,8366,1509
9599,5042,2956,3223,2258,6329,1390,4480,379,3191
5777,4001,3924,5560,572,3556,3615,4609,3122,5786
2792,9175,3226,1495,2989,9085,4758,2729,2549,7847
5962,5486,3035,2059,20,4854,1681,7190,4234,1856
5478,2090,5818,6279,3202,8098,1464,9365,9709,7593
5641,4667,3713,676,4076,3918,6534,7644,6900,5886
4518,1884,6550,2569,9429,5804,8348,7325,1376,2358
2612,6143,2773,3739,3846,8919,4186,7595,881,1400
1150,79,526,8979,636,7590,2057,7986,5320,5218
9706,1331,3098,8105,164,1056,28,6262,2264,8911
6735,4846,5509,5851,5733,3016,6944,141,4757,108
2272,1949,1328,3809,5736,6453,2293,5155,6461,7902
6391,9318,8015,1241,1352,8973,2322,9306,1957,7371
2537,510,3738,1538,9628,4987,1657,640,893,8834
813,8904,7419,8677,2722,4744,7955,7310,77,9117
4627,9087,8818,1128,8216,7804,7282,1135,8929,2030
3856,996,7760,4638,1388,5709,228,2987,6339,487
7553,9864,2342,4781,3731,4804,6089,2035,655,5035
7652,8791,5931,294,8543,8356,1037,8497,2503,8684
3051,9236,5352,5797,5331,3698,8078,5899,7303,7696
3011,6354,8473,5845,3524,6066,482,730,9134,4077
1591,8572,4956,4032,8010,5969,9007,6585,9311,8577
5819,3248,8707,7063,5277,7241,8330,4189,824,82
6767,226,3454,8561,2926,8074,9227,7700,1598,2374
4765,7446,3056,2065,7098,7221,6482,4921,7156,2424
8205,4006,8828,4995,8428,22,5344,7958,6568,9407
6213,6436,6176,6983,1233,6710,8547,223,262,6782
5339,3126,9098,8209,6161,4917,2513,7246,9128,7255
3719,2733,1084,2669,4178,3858,1008,4055,6023,1292
1478,5510,1688,7043,9556,9855,8925,7589,6219,6470
3910,3659,2485,8580,3147,7319,3551,176,2080,9079
6070,9105,898,4160,8449,2032,5378,9605,1643,823
6774,3586,9190,1059,2298,974,6448,591,8489,4928
753,7775,5708,6971,768,5763,8863,8268,817,4087
8277,1045,1169,7090,8535,5852,5463,5549,9675,3611
5985,5491,6762,5427,6773,4403,725,6702,8089,947
4149,6094,2889,9179,5669,6110,9180,222,5741,7740
5030,1908,8722,9766,1446,3458,2970,1807,3873,5068
2084,4366,4548,4051,2737,9874,5400,6718,5423,3789
4414,3022,3213,1430,7858,8413,4216,7288,9467,1545
7388,6604,6506,5055,2320,8322,7110,3316,6575,99
722,3249,7518,23,1393,2023,825,1515,4676,7999
927,7920,9509,1520,2027,5757,2319,5920,7548,7411
8026,3748,4556,4028,299,633,2897,803,965,9632
4185,6386,4936,5979,9700,388,1442,5026,7936,7695
9201,4095,5064,4955,9232,4250,7139,8727,5244,6805
2289,829,419,4040,1329,7046,1015,2621,8394,2900
3372,8222,7393,1549,6352,8987,5542,9048,594,3216
5488,8953,3837,5036,5930,3901,5653,6885,2260,9222
2099,1881,1532,5511,6659,9002,31,1753,459,604
8058,7946,1005,9229,5472,3863,5865,9300,6632,8607
5726,5106,4536,695,5784,575,809,582,1959,8736
1816,89,7471,1548,2918,2572,4748,2460,2649,670
3268,6229,1810,8302,2937,9264,1614,9013,463,2539
8846,7810,1041,252,6677,4519,2167,4596,8355,6390
8826,170,8656,5050,6493,6886,1768,3638,4769,3836
3734,5211,268,7996,1913,8157,73,2845,812,9413
9130,2985,8242,8156,3724,5444,8049,432,9030,9073
9342,4066,1553,7777,3798,7081,3032,2507,8082,2113
4896,7122,668,1755,3398,5906,7237,7940,4694,8287
3639,8799,8512,6542,7409,6049,4069,8646,1151,2292
9594,5745,3500,3362,5523,7196,6582,7212,7519,5399
4617,6723,6753,9805,794,2907,4942,1112,9129,1920
2058,2212,5683,8514,5971,4098,6055,4193,2386,8275
1846,3842,6602,7818,7833,1883,9798,3414,7381,4570
703,1914,4907,2173,6510,6863,9086,4523,8139,8671
8532,4306,6577,60,9677,6117,8044,5540,9305,6362
4392,9710,8107,3927,465,6166,8468,4127,1672,4960
3163,2253,133,8045,5972,7717,8637,2343,9884,4148
6415,5923,450,4132,2910,2895,8595,7457,1878,2914
4170,6194,9853,3148,3747,6434,9790,6285,4699,4647
1967,3397,5603,7264,8154,2395,6373,80,531,9504
267,2128,6199,4307,7245,2497,3834,6862,4410,1506
973,8859,9131,7716,7369,4640,7608,3057,5295,5941
5732,7238,279,533,1502,8138,3247,7055,8703,6872
430,6571,9656,4897,4452,4031,9779,9759,7220,2894
8798,3443,3110,3272,4950,3706,844,5811,3907,273
8133,8309,7365,8522,8698,409,6276,9279,5790,8037
5636,964,5498,4862,4430,9449,462,5738,7527,1280
5713,5507,9285,5885,9776,7095,5847,4567,1879,3094
866,9929,8261,4442,2338,3969,2041,2439,7175,2758
576,9986,6877,3315,2137,6427,5772,2216,6336,5932
3433,5047,4113,9323,3464,7268,1457,4632,7346,9288
3361,5600,9989,3172,2185,9545,2574,5999,8503,3644
1237,7631,1692,9258,9024,61,6062,5734,852,4261
550,7612,4156,5980,7145,9718,9654,4282,59,589
6891,8743,9926,423,5288,707,372,1223,204,7305
9351,5380,29,7172,5350,9746,1536,3356,5059,9758
2307,6316,6163,7654,8313,598,6741,9974,1558,1318
771,3231,5255,8368,4373,8477,9600,6557,8136,2718
1190,2560,3004,6749,4848,6261,7780,2607,6400,8939
8750,3043,1129,7954,7819,9142,8290,8166,246,7759
1982,814,1406,4922,4305,1863,8639,5353,2055,8206
247,9811,6543,6936,7367,9017,9551,7150,2500,4933
5480,3894,980,864,9431,2411,9921,758,8623,2961
8472,7994,251,8614,8835,5750,1718,5025,6658,6739
4579,779,8479,4688,439,1661,7395,2482,8653,7384
3096,9063,3390,137,8785,8247,1486,1516,8605,8431
5253,9998,6646,8,8758,2249,2190,993,16,7982
6408,5363,3526,5835,4060,8611,8339,4138,6712,1776
8748,968,5453,2604,4440,2521,1574,3470,4796,7546
1466,9231,910,6228,706,3371,1240,7071,9386,9422
5789,1851,5254,8221,9518,8625,3441,2671,4198,2760
4386,5880,9822,8399,5981,1799,4557,1991,5682,7343
9333,9162,156,6500,2876,3179,8986,9274,2108,2704
5270,4083,4696,7275,2999,1138,1518,6715,5950,9660
3646,3892,6652,4308,4708,3736,8455,2766,2642,5316
4245,9348,1447,997,1511,4409,5977,5704,1840,4220
18,9961,624,4359,544,9453,6892,2732,6566,2748
5116,1843,2838,8299,9854,5640,7102,3871,8890,7684
7170,5199,250,3389,1794,6490,7558,3650,9681,3471
5884,2331,8643,4670,3183,7306,6709,4982,9935,1188
3674,5527,5929,4042,4298,5246,438,9792,6137,5591
7322,7734,1899,9511,694,2043,7283,619,8146,4622
6459,6445,6393,5325,6061,4682,4751,4524,7750,1961
4047,5606,4201,8901,638,3958,8122,9503,994,6823
2930,8687,8831,4025,1850,233,1342,7475,4495,6696
1113,1075,9432,4059,3408,4380,9692,1183,2978,6938
3951,9947,7082,8311,6676,9283,8905,9136,6972,6007
8200,259,7041,3270,2174,9454,4240,6047,8256,1918
9233,4332,8840,9091,4555,9077,7562,4295,7672,3962
6417,5676,8804,2481,5120,2564,3883,2820,9949,1669
6772,7588,8199,6941,9724,2192,166,3407,3391,6054
272,7144,8286,8960,6958,8769,7772,360,3890,8462
802,5800,1680,2682,7534,5504,5639,4488,780,7602
5326,7598,5672,4271,2993,4876,4831,2706,5173,1153
7320,4822,911,7600,2842,8519,9297,2423,2077,6822
9381,2184,1744,8690,827,1841,3250,2297,9417,9200
3468,8923,6144,3325,7415,754,8896,5935,75,8329
7213,8679,6703,9810,3803,1036,8101,787,4623,2442
1676,4116,6994,92,3460,4856,2633,4158,6128,4857
4100,6425,5127,8610,6395,7506,8651,8274,5924,3872
4912,6553,6297,7088,1679,1402,1203,3720,2205,4729
8575,328,8803,6973,2176,1942,5529,5622,8320,7442
8895,9902,3483,4344,1286,5875,8040,8386,7532,2348
260,6614,1572,3462,8655,9860,6206,6421,8120,7062
8693,8084,8038,5231,4910,6487,7362,3754,1275,7619
4097,983,1793,8957,3519,9892,5694,7056,1477,3456
6559,4571,3917,701,5285,8035,7345,6308,7909,5137
9544,8162,1028,8739,816,9217,6231,6961,6345,1192
1119,344,4778,2811,3545,7136,961,7899,3953,4314
7887,3821,8167,1154,9080,6188,9037,3801,7104,2791
2140,2467,42,7035,5220,6281,114,8180,5273,3269
5978,962,2160,8031,596,1125,7673,5942,4619,34
4661,540,5485,9757,8832,8513,7093,4470,1924,691
5614,9549,1623,5986,571,6561,5724,3133,4420,6680
2590,4549,2240,2218,764,3453,3336,2909,4860,8991
41,1534,4877,1837,3954,7900,2170,8501,1305,6374
1512,7075,3184,2308,3955,9005,2538,5079,1594,4474
9946,8855,9775,9289,6067,9887,9221,3518,2988,3113
3411,4598,8640,837,3819,602,9044,1660,7977,2885
4079,2353,5101,9712,5842,4230,2443,5668,8326,1521
5803,9133,3152,4900,2478,220,5957,3991,6549,9101
7002,6155,3486,2793,5998,9653,86,3095,9541,9800
4436,7006,2705,9358,3222,88,7521,4554,8738,6322
712,1191,9978,7926,3420,5954,402,8245,425,6028
4586,2728,9499,7501,9357,1784,2241,9237,8127,3899
8824,2740,7011,6025,5812,9294,4044,3916,364,9418
1081,4494,9840,5832,5543,7719,5371,111,9370,309
4821,9871,9888,8802,2700,4091,9958,5144,1147,5620
8234,8530,2247,5165,2588,2179,2547,9906,4515,1414
3565,1588,4509,2783,493,9818,6581,2543,6914,6552
3175,7294,7705,1374,7489,5321,4278,5450,5973,6811
4829,9571,6797,7311,8849,5300,120,4124,8409,704
9696,2039,989,1370,4012,1742,7131,4952,9521,5877
4919,7883,201,9693,952,1629,9683,917,4099,4229
7269,4530,5206,1353,6529,1232,7924,424,1250,6608
5796,307,2832,3904,2417,2296,4964,2198,5129,2210
9316,8589,8776,3093,4920,7878,3181,6476,5657,3531
1139,4268,6726,8281,5960,6017,1530,7824,4472,4637
404,5010,1204,7200,8971,6671,5447,1425,5198,3402
5104,863,4660,7490,850,6018,737,7675,5000,8642
7315,1937,3923,4179,7555,9691,9174,8756,5217,9955
9050,8913,4267,4976,6792,3802,7040,8342,3359,2056
4534,861,3266,2261,4847,4259,1054,2270,5422,7337
4722,6824,8936,338,4572,1645,9564,1633,4227,1620
311,2178,6033,8993,4435,2652,3431,2259,4023,8132
1062,1561,3553,2310,2738,9259,3310,7904,2584,5280
3761,891,2162,6920,8193,9394,8361,4425,5799,7761
1312,9149,3257,2640,5604,1426,2753,2455,1076,2770
2552,3358,7753,6908,8202,2934,1270,2275,2756,665
1364,214,6533,4088,8235,9619,660,1965,697,6270
5259,1087,9830,9384,1175,5177,8253,3185,7435,1583
6020,6185,3647,7099,9374,502,3909,1575,5215,3852
4612,7022,4841,191,3169,5291,4999,4886,1726,7896
1050,7195,871,6913,6997,7423,6663,5569,4797,6813
547,9577,4764,6738,7628,2597,904,2103,714,7280
3742,2529,4171,4489,4685,4775,8726,8032,2566,6311
5627,5223,9659,9631,7599,3905,958,3033,8021,9944
6686,2441,2202,623,4739,884,4458,6168,2450,5887
4277,2287,8278,1972,9912,5299,119,4303,7621,7021
7754,718,1919,5664,1989,1337,1358,9239,5557,3880
8875,9727,9472,1245,5565,5072,6001,3055,2701,4030
3363,4011,7505,5114,374,5166,4510,2300,5545,7302
2757,1208,2601,622,4521,457,9850,2613,192,9204
8118,1945,9728,516,2864,6158,2479,2010,3933,4093
7683,7502,7857,618,6848,3111,56,412,7119,1944
3227,7607,9539,3707,3575,1993,8210,2093,4970,595
7203,5437,7918,1922,9781,1304,505,4913,956,8571
2620,4608,340,6340,7157,3294,919,9320,644,3536
9480,8985,3559,8438,9497,873,275,6363,2932,5843
3384,6413,3988,2708,5017,5612,9522,4154,4174,6463
1325,9561,4167,4075,1732,3061,3024,6356,37,1159
9120,9281,2440,8981,4200,9767,8381,3976,1786,6781
1974,52,9263,4432,4017,3353,3662,6259,2996,537
3699,3305,9991,3679,3505,2686,4836,2229,2808,8949
2577,821,671,8280,6420,5407,6778,1649,8737,8081
4880,8288,9663,6643,6221,7113,8006,8324,1030,3594
5446,2736,6253,5764,4218,3712,6426,1222,7109,6503
7114,6948,6355,6516,9082,3690,7338,9772,5637,2148
9530,7438,3582,2496,1978,5685,9523,3415,9088,4162
5816,6903,9948,3666,6377,4759,1210,6831,7947,8537
9390,7637,8175,6330,9127,588,2081,2696,385,117
3232,5298,4433,4679,6283,5519,4939,1906,534,9922
2585,4297,1146,9235,5556,6954,2480,5918,3070,1078
6794,7865,6381,9616,4168,4050,9547,5304,473,1897
7312,3290,5718,628,1995,585,8761,5048,830,8946
1812,8488,4217,5347,1528,2352,69,3473,5686,4553
1653,352,4704,4800,1219,9990,7182,8555,7860,8465
3884,4067,9059,1379,4967,1695,8304,4934,7820,4989
1303,2459,3170,4326,4728,6384,4152,9507,9455,264
1539,8763,6202,3929,1001,5598,7792,4655,8943,8447
276,3178,7836,90,3898,7390,5284,1287,5793,7837
2419,8397,4064,6922,456,9744,4036,4145,2227,9367
6135,2149,3074,6541,5203,5464,6733,5901,4126,5626
189,907,5031,8882,6870,1939,7710,1166,6084,3429
734,5451,6810,1805,9410,6802,6405,4226,9967,8249
4743,7482,7544,7107,5571,5871,2878,9647,2161,8795
1700,143,6951,564,1258,3393,9419,413,9570,8028
4365,1595,6323,9821,8952,4949,6235,3635,7948,4463
3948,6911,9296,3517,6904,5988,2489,4740,6732,7757
4084,3488,2429,3087,5358,3847,9254,9478,7976,4562
846,4318,3658,1163,8033,1708,8389,2997,3548,3506
4985,9971,3727,9962,2690,2280,2913,9723,1743,3655
8218,2817,2217,8014,998,1421,5109,2752,6589,8562
9982,8005,8842,245,1707,1359,6412,1080,8879,2283
9743,7224,1242,4165,4082,2865,3002,8108,5866,6360
9879,7364,6744,4486,2971,6385,4443,2730,9501,9072
9815,4895,1736,9224,6118,8963,7243,6359,8774,7274
6748,4340,2966,9636,9375,4905,8508,6756,3839,3042
784,5032,1479,3320,3785,4850,2339,9349,1601,1307
7808,657,3144,3436,195,8793,9550,3048,2278,5771
9719,8067,6314,702,3985,5648,5443,6367,740,478
7399,786,9286,1791,8866,4835,7660,9240,7768,8920
359,3388,5536,1055,5243,9966,1131,3931,4522,5855
1064,4224,3755,8408,2165,3564,5826,441,9354,5881
2858,3648,5762,2595,7758,9016,240,2186,8240
